Flag.X0=0 * Flag.HoistFlag   ;  
Flag.X1=0.00955 * Flag.HoistFlag   ;  
Flag.X2=0.298564 * Flag.HoistFlag   ;  
Flag.X3=0.480223 * Flag.HoistFlag   ;  
Flag.X4=0.55152 * Flag.HoistFlag   ;  
Flag.X5=0.580473 * Flag.HoistFlag   ;  
Flag.X6=0.58102 * Flag.HoistFlag   ;  
Flag.X7=0.581311 * Flag.HoistFlag   ;  
Flag.X8=0.591298 * Flag.HoistFlag   ;  
Flag.X9=0.629172 * Flag.HoistFlag   ;  
Flag.X10=0.652422 * Flag.HoistFlag   ;  
Flag.X11=0.657077 * Flag.HoistFlag   ;  
Flag.X12=0.690603 * Flag.HoistFlag   ;  
Flag.X13=0.71551 * Flag.HoistFlag   ;  
Flag.X14=0.75 * Flag.HoistFlag   ;  
Flag.X15=0.800397 * Flag.HoistFlag   ;  
Flag.X16=0.809328 * Flag.HoistFlag   ;  
Flag.X17=0.842923 * Flag.HoistFlag   ;  
Flag.X18=0.850818 * Flag.HoistFlag   ;  
Flag.X19=0.870828 * Flag.HoistFlag   ;  
Flag.X20=0.908689 * Flag.HoistFlag   ;  
Flag.X21=0.908702 * Flag.HoistFlag   ;  
Flag.X22=0.91888 * Flag.HoistFlag   ;  
Flag.X23=0.919527 * Flag.HoistFlag   ;  
Flag.X24=0.94848 * Flag.HoistFlag   ;  
Flag.X25=0.94848 * Flag.HoistFlag   ;  
Flag.X26=1.006749 * Flag.HoistFlag   ;  
Flag.X27=1.006756 * Flag.HoistFlag   ;  
Flag.X28=1.006756 * Flag.HoistFlag   ;  
Flag.X29=1.019777 * Flag.HoistFlag   ;  
Flag.X30=1.201436 * Flag.HoistFlag   ;  
Flag.X31=1.49045 * Flag.HoistFlag   ;  
Flag.X32=1.5 * Flag.HoistFlag   ;  
Flag.Y0=1.000000    ;  
Flag.Y1=0.261243 * Flag.HoistFlag   ;  
Flag.Y2=0.263616 * Flag.HoistFlag   ;  
Flag.Y3=0.377071 * Flag.HoistFlag   ;  
Flag.Y4=0.447967 * Flag.HoistFlag   ;  
Flag.Y5=0.500000 * Flag.HoistFlag   ;  
Flag.Y6=0.520939 * Flag.HoistFlag   ;  
Flag.Y7=0.563103 * Flag.HoistFlag   ;  
Flag.Y8=0.563103 * Flag.HoistFlag   ;  
Flag.Y9=0.565711 * Flag.HoistFlag   ;  
Flag.Y10=0.579123 * Flag.HoistFlag   ;  
Flag.Y11=0.593404 * Flag.HoistFlag   ;  
Flag.Y12=0.656174 * Flag.HoistFlag   ;  
Flag.Y13=0.749671 * Flag.HoistFlag   ;  
Flag.Y14=0.779236 * Flag.HoistFlag   ;  
Flag.Y15=1.0000 * Flag.HoistFlag   ;  

